
1 994.066203387
1 987.497920678
1 986.416469721
1 994.092969657
2 997.845554118
2 995.55078252
2 995.981268271
2 998.556515841
3 997.836740936
3 997.842663156
3 998.685270078
3 998.844666773
4 999.253450248
4 999.17281051
4 999.23967393
4 999.519798003
5 997.507649913
5 998.859050039
5 997.520838221
5 998.672421287
6 999.520145944
6 999.360071251
6 999.520115176
6 999.520176746
7 999.440158665
7 999.520118532
7 999.5201793
7 999.360193016
8 999.364840231
8 999.446278283
8 999.524914449
8 999.524921176
9 999.702896991
9 999.654772134
9 999.702872685
9 999.635900403
10 998.329896917
10 998.322201115
10 998.627151513
10 998.66890735
11 998.85774336
11 997.705819027
11 997.698752871
11 998.858207968
12 999.519436461
12 999.520176594
12 999.520316449
12 999.360525894
13 999.556534178
13 999.556604765
13 999.483667105
13 999.409045135
14 999.30141175
14 999.215734999
14 999.302905374
14 999.477039104
15 999.520113098
15 999.359778264
15 999.519918638
15 999.519900607
16 999.520228296
16 999.440974546
16 999.360408674
16 999.520429989
17 999.439643136
17 999.519686838
17 999.52014541
17 999.360446516
18 999.519942381
18 999.520096129
18 999.3603156
18 999.520804732
19 999.426682322
19 999.440874093
19 999.359921509
19 999.52003761
20 999.266109992
20 999.332776187
20 999.346728211
20 999.520014724
21 998.858596638
21 997.867404598
21 998.699120215
21 997.86967369
22 999.334299143
22 999.347751776
22 999.361893035
22 999.334463901
23 996.889312893
23 998.384520223
23 997.590515584
23 998.757988644
24 999.072469436
24 998.860191166
24 999.072470274
24 999.125580535
25 999.154057283
25 999.141625737
25 999.168461899
25 999.329357579
26 999.520966867
26 999.362222327
26 999.442660978
26 999.521819023
27 999.51939411
27 999.519528498
27 999.519342304
27 999.359029139
28 999.332877881
28 999.33281758
28 999.172843925
28 999.252905987
29 999.362060453
29 999.521515547
29 999.4417518
29 999.521604876
30 999.518575801
30 999.518796697
30 999.358961534
30 999.519371163
31 999.520417879
31 999.36061571
31 999.439893906
31 999.520106673
32 999.44004192
32 999.520196415
32 999.360444611
32 999.520073879
33 999.252229695
33 999.519886868
33 998.986455668
33 999.359856637
34 999.348476373
34 999.361736254
34 999.335159873
34 999.521309551
35 999.361031404
35 999.441658694
35 999.520862438
35 999.520982634
36 999.518065277
36 999.518513726
36 999.518415732
36 999.358013926
37 999.359442926
37 999.440462366
37 999.520971312
37 999.520465133
38 999.522322161
38 998.602466913
38 999.062334176
38 999.521808196
39 998.849777014
39 999.519165575
39 999.185179162
39 999.358828579
40 999.240793689
40 999.254363257
40 999.520768687
40 999.361258709
41 999.439989671
41 999.519955822
41 999.36401301
41 999.522213901
42 999.42558734
42 999.423563581
42 999.356487943
42 999.33273877
43 998.699621159
43 997.872335147
43 997.795134732
43 998.861884852
44 999.251054211
44 999.07862315
44 999.519210396
44 999.519402907
45 999.426942755
45 999.426891494
45 999.173653354
45 999.520301096
46 998.896204466
46 999.521720041
46 999.084775479
46 999.362508743
47 999.438712612
47 999.35898314
47 999.518894746
47 999.519193517
48 999.51995792
48 999.520082479
48 999.520186142
48 999.360079132
49 999.360236322
49 999.280381248
49 999.200557192
49 999.040816261
50 999.438722468
50 999.35965303
50 999.51954501
50 999.519908621
51 999.520105644
51 999.519990482
51 999.519964292
51 999.360021362
52 999.440159542
52 999.520049433
52 999.520153378
52 999.360214772
53 999.360538512
53 999.441223093
53 999.520447276
53 999.520567642
54 999.519342152
54 999.519934493
54 999.519892936
54 999.359849564
55 999.440198917
55 999.360466223
55 999.520648003
55 999.520688632
56 999.36020613
56 999.441485169
56 999.520175946
56 999.520465323
57 999.520557594
57 669.675226719
57 834.59749172
57 999.361047274
58 694.294112415
58 999.359834196
58 847.38155585
58 999.520683687
59 842.560214824
59 684.110903154
59 999.520185666
59 999.521204322
60 999.361966392
60 688.19601646
60 843.876023463
60 999.521722465
61 679.217359771
61 844.681328181
61 999.310122711
61 999.522905169
62 738.053816102
62 999.521285041
62 824.109548628
62 825.913599991
63 844.79715164
63 816.398786787
63 999.357809299
63 779.897757648
64 841.92541567
64 999.519540232
64 755.022531221
64 850.39204959
1 993.249968514
1 997.212280415
1 992.865226323
1 996.770260851
2 998.630138779
2 998.712778355
2 999.236709482
2 998.889007608
3 999.520039288
3 999.437747777
3 999.518019703
3 999.518071814
4 998.787159498
4 998.987017828
4 998.867271519
4 999.147118698
5 998.727295229
5 998.727402815
5 999.235216053
5 999.075274213
6 999.439632117
6 999.520218597
6 999.520951384
6 999.520457784
7 999.359263374
7 999.520614257
7 999.440254476
7 999.520347572
8 999.466390902
8 999.542848282
8 999.390536362
8 999.543605755
9 999.114825285
9 999.116875142
9 999.494551369
9 999.298146657
10 999.173279852
10 999.240077067
10 999.161507499
10 999.333849137
11 998.713082057
11 998.636939446
11 999.050658747
11 999.076495853
12 999.518732816
12 999.439133016
12 999.43986328
12 999.519265579
13 999.43962258
13 999.520119828
13 999.520232831
13 999.360990033
14 999.441277393
14 999.521661973
14 999.521161808
14 999.361670079
15 999.518709346
15 999.43922047
15 999.519141993
15 999.439251549
16 999.520017757
16 999.361503621
16 999.440699221
16 999.520760892
17 999.440787529
17 999.600011303
17 999.359910164
17 999.520353819
