
1 990.565506073
1 996.536350466
1 990.512134744
1 995.447470865
2 998.373306802
2 997.445511183
2 997.851814228
2 998.69846062
3 998.696206483
3 998.858305909
3 998.778449514
3 999.519874998
4 999.240162976
4 999.519847974
4 999.33299047
4 999.06639725
5 997.681097884
5 998.512869026
5 997.774579647
5 998.699570866
6 998.979129357
6 998.757872024
6 999.059063348
6 999.52019752
7 998.778952657
7 998.853526403
7 998.672231837
7 998.757548688
8 999.067086961
8 999.120583579
8 998.694133796
8 999.06739052
9 999.080236055
9 999.159995574
9 999.520126691
9 999.146855495
10 998.436931433
10 998.858978153
10 998.262188751
10 999.52040318
11 998.577566409
11 999.360123928
11 998.324916789
11 998.672353436
12 999.267342122
12 999.520685094
12 999.347708778
12 999.334565266
13 999.519839557
13 999.519498034
13 999.439383152
13 999.519462748
14 999.520637618
14 999.36141532
14 999.521073377
14 999.361432283
15 999.292964407
15 999.519277823
15 999.51936558
15 999.145535283
16 999.400382523
16 999.520366579
16 999.520423172
16 999.200653718
17 999.427361495
17 999.360745387
17 999.334089692
17 999.360803433
18 999.172882961
18 999.332831376
18 999.5197392
18 999.25292109
19 999.520472481
19 999.427919697
19 999.34740857
19 999.334218597
20 999.425830258
20 999.359818827
20 999.426431801
20 999.359725326
21 997.174370672
21 997.427379473
21 998.858986947
21 998.859184629
22 999.520646482
22 999.348071594
22 999.428871755
22 999.335188352
23 999.42498588
23 999.358758991
23 999.519466857
23 999.359816486
24 906.551326603
24 999.52038608
24 813.870426592
24 999.520346163
25 894.431123729
25 999.520462924
25 999.520707612
25 788.872934345
26 999.360735188
26 883.915772801
26 768.395814865
26 999.361313572
27 883.039824358
27 999.520719706
27 768.161366266
27 999.520537613
28 999.679149867
28 999.519516344
28 768.940072296
28 885.386361014
29 883.377052164
29 999.360858781
29 999.36067789
29 765.760865612
30 999.520722597
30 778.056449175
30 887.887248883
30 999.521885834
31 771.21673806
31 886.700425488
31 999.519923503
31 999.520490869
32 873.554059693
32 748.629981059
32 999.359415564
32 999.359414901
33 999.518815635
33 999.51961731
33 884.658974543
33 767.258225142
34 999.52050602
34 773.896796806
34 999.52142171
34 890.688466199
35 869.069409575
35 999.359466006
35 932.378861443
35 999.359447206
36 853.642568481
36 889.864432502
36 763.395436986
36 999.520526955
37 900.255422124
37 837.102169953
37 895.602111169
37 999.521140814
38 845.106536395
38 876.982482748
38 890.828806078
38 999.17316025
39 888.62882888
39 831.706070111
39 885.083577722
39 999.519678969
40 903.563972192
40 920.870740257
40 847.083837387
40 999.520148727
41 785.556529516
41 906.033166294
41 999.360724937
41 869.732638606
42 887.888176077
42 999.520080286
42 841.689571021
42 875.119249123
43 998.867603866
43 886.635650003
43 826.497610781
43 885.819980072
44 999.356776191
44 806.076909437
44 869.4568398
44 872.444577096
45 883.205012013
45 999.521456861
45 825.324774824
45 884.017798709
46 999.333187071
46 884.977460606
46 870.490589444
46 834.280457921
47 882.141436386
47 999.360701288
47 834.207053832
47 862.036733101
48 838.743216578
48 862.533620186
48 999.521104782
48 884.026041237
49 884.03808651
49 999.520243064
49 839.822520157
49 858.330965728
50 893.632895143
50 869.966856498
50 999.359192811
50 852.221156529
51 852.005494375
51 999.520503127
51 879.519502331
51 814.593812795
52 821.373232873
52 999.519918237
52 880.984383345
52 881.64071935
53 999.361414257
53 856.04879638
53 772.198530947
53 881.185945598
54 805.300905222
54 884.555553979
54 999.519703033
54 923.349432031
55 810.887041406
55 999.521184774
55 885.780098722
55 907.834753576
56 816.679197973
56 999.35911198
56 889.991598441
56 926.216850635
57 813.622797197
57 999.520070714
57 882.918018598
57 897.116434095
58 813.698227884
58 999.520261165
58 882.836716581
58 907.430454463
59 861.673815831
59 999.360330284
59 904.788652082
59 892.760921146
60 999.519923503
60 881.210559298
60 828.293920235
60 870.927067628
61 826.218447616
61 999.520595421
61 870.489737672
61 882.790695968
62 903.629397913
62 999.360611293
62 913.139968359
62 845.898225712
